0 421 120 3 420 122
0 420 122 3 419 125
0 419 125 3 418 132
0 418 132 3 418 138
0 418 138 3 417 145
0 417 145 3 416 150
0 416 150 3 414 156
0 414 156 3 413 162
0 413 162 3 413 166
0 413 166 3 413 172
0 413 172 3 412 177
0 412 177 3 412 179
0 412 179 3 411 182
0 411 182 3 410 186
0 410 186 3 410 188
0 410 188 3 410 191
0 410 191 3 410 194
0 410 194 3 410 197
0 410 197 3 410 198
0 410 198 3 410 200
0 410 200 3 410 203
0 410 203 3 410 204
0 410 204 3 410 206
0 410 206 3 410 208
0 410 208 3 410 211
0 410 211 3 410 212
0 410 212 3 411 215
0 411 215 3 411 217
0 411 217 3 412 219
0 412 219 3 414 222
0 414 222 3 415 223
0 415 223 3 416 225
0 416 225 3 417 226
0 417 226 3 417 228
0 417 228 3 420 231
0 420 231 3 420 232
0 420 232 3 422 234
0 422 234 3 423 235
0 423 235 3 425 237
0 425 237 3 429 239
0 429 239 3 434 242
0 434 242 3 436 243
0 436 243 3 440 246
0 440 246 3 445 247
0 445 247 3 449 250
0 449 250 3 452 252
0 452 252 3 455 254
0 455 254 3 458 256
0 458 256 3 460 257
0 460 257 3 461 258
0 461 258 3 462 259
0 462 259 3 463 259
0 463 259 3 463 260
0 463 260 3 464 261
0 464 261 3 464 262
0 464 262 3 465 264
0 465 264 3 465 267
0 465 267 3 465 268
0 465 268 3 466 272
0 466 272 3 466 274
0 466 274 3 467 277
0 467 277 3 468 279
0 468 279 3 468 282
0 468 282 3 468 284
0 468 284 3 468 286
0 468 286 3 468 290
0 468 290 3 468 293
0 468 293 3 468 295
0 468 295 3 468 298
0 468 298 3 468 302
0 468 302 3 468 304
0 468 304 3 468 306
0 468 306 3 468 309
0 468 309 3 468 312
0 468 312 3 468 315
0 468 315 3 468 317
0 468 317 3 468 319
0 468 319 3 468 322
0 468 322 3 468 324
0 468 324 3 468 326
0 468 326 3 468 328
0 468 328 3 467 331
0 467 331 3 467 333
0 467 333 3 465 336
0 465 336 3 464 338
0 464 338 3 463 341
0 463 341 3 461 342
0 461 342 3 460 345
0 460 345 3 457 347
0 457 347 3 456 349
0 456 349 3 454 350
0 454 350 3 453 352
0 453 352 3 451 354
0 451 354 3 449 356
0 449 356 3 447 358
0 447 358 3 444 360
0 444 360 3 443 361
0 443 361 3 439 365
0 439 365 3 437 366
0 437 366 3 435 368
0 435 368 3 433 369
0 433 369 3 430 371
0 430 371 3 429 372
0 429 372 3 428 373
0 428 373 3 426 373
0 426 373 3 423 375
0 423 375 3 422 376
0 422 376 3 420 376
0 420 376 3 419 376
0 419 376 3 418 376
5 467 165 3 0 0
5 464 164 3 3 1
5 311 322 3 2 1
5 521 173 3 0 0
5 464 295 3 0 0
5 375 279 3 89 16
5 304 57 3 1 166
5 234 209 3 37 6
5 232 209 3 0 0
5 232 209 3 0 0
5 219 223 3 402 297
5 621 520 3 0 0
5 621 520 3 0 0
5 61 160 3 331 369
